0
0
0.2709078936300536
1.8337459892288281
4.7197347107513
7.163591966768925
7.759561595777178
7.962959856470405
11.102257699544579
18.293311634890866
26.227815986247265
30.376362425516547
30.567152990592362
32.12002285621732
40.21322196551971
53.4286444585028
64.42835538789183
68.00606736301592
67.66438730744017
72.50761580314207
87.01699648393577
105.18806402158684
116.52453718162198
117.9683535770522
118.18731180233226
128.44375334319594
149.62503663981593
170.3520789338445
179.26586086034195
178.2124241739719
181.01796911408832
198.27541407726036
224.87544278066414
244.9108886719718
249.3463856910804
246.79196460658346
254.56077053606316
279.23727542236537
308.5621862883845
324.53131936691193
323.70691289165734
321.79254660790116
336.51980168380584
367.4811847164532
395.83416980695085
405.02163114494306
399.68816692911673
401.155970649711
423.7583744946606
458.2988573979927
481.69533820590505
482.70625240091954
475.0219245879073
482.4714756096462
512.3064652721356
546.5165600514385
561.514599142688
554.6463345720729
547.6891631459714
562.8151968263159
597.5486988819116
627.0003700116304
631.4525356568608
618.6802743378187
615.7083682529914
638.7097418364095
674.5830547599261
695.18363745847
688.7312414281728
673.301779798463
676.9348425972893
706.2474326665238
738.6986511282237
747.5210464447755
731.7094960166191
717.4312129557247
728.9488539095402
761.380385711056
785.8899061908453
781.788039821422
759.7694037833398
750.1596745720306
769.0874508118785
800.3378933399972
813.3116718785282
797.1770707279913
773.0621359455104
770.5489626607695
794.6373201341269
820.0969030589497
819.5888433172345
794.1855452184532
772.1897336296405
777.5533445461922
803.1632539254422
818.8132710777531
804.9225914295598
774.3342652928234
757.9101974016302
770.0952934212601
792.9090770547818
796.1244976308994
770.9771781728205
739.7893996941189
730.9420450007061
747.2852327837722
763.184526078699
753.2584032270718
720.5765927219416
692.9775778899307
691.9150318813373
708.7352114856658
714.648430912634
692.9213100013021
657.278472689949
636.2789336824553
641.4730983931262
654.8881476241038
649.4166718369595
618.984715581624
584.9151190839027
571.8582412970283
580.4938028127515
587.2748501347871
570.9587174647165
536.0306400622045
507.1928445548191
501.6558667664715
510.35575808750036
508.62294674243003
483.7909182906718
448.8432447700142
427.4213676781765
427.5175400731612
433.1699502476756
422.77247710155314
393.017781171041
361.94169872363847
348.40942227466144
351.4053626288345
351.8961805901414
334.3951043815417
303.80412381580055
279.2351075448878
272.51991647427667
275.610898498369
270.29106734843526
248.55771235937786
220.87394454335993
203.84823618559997
201.8382576525281
202.8898882886807
192.67309372056025
170.20622614698942
148.12313404461855
138.12460002074832
138.38043743422134
136.45738093156018
123.5337624148604
103.66352568737531
88.40503578107219
83.77145587732886
84.25959840557556
79.81721618253982
67.06155648347814
52.23206613522316
43.50715690107802
42.07936904224563
41.74285889462507
36.44226315213423
26.668048869397946
17.96809741878266
14.293816044359207
14.134904293994005
13.160838107240473
9.361280917700054
4.6076567035977325
1.655869053861443
0.9535573114121325
0.951788915858863
0.6729995836948619
0.735064556353114
1.7636006301615863
2.96609238187201
3.2702353078552804
3.471725688777628
5.932570582496932
11.51204558773101
17.637040928668398
20.74367580361384
20.83733371261347
22.424368954470204
29.725338506720224
41.239726519662625
50.53252954246766
53.34458981227422
53.15586093378066
58.0772507371521
71.66943224789904
88.07635555515881
97.89120204415423
98.93645877057122
99.59173043497844
109.94036814651652
130.0548967277193
